A = -120:4:120